Delta:
	mean:-0.00247737735201
	stdev: 0.0151881614769
	max : 0.5
	min : -0.0371789957337